n:3, k:0, expects:1
actual:1
n:3, k:1, expects:2
actual:2
n:4, k:0, expects:1
actual:1
n:4, k:1, expects:3
actual:3
n:4, k:2, expects:5
actual:5
n:4, k:3, expects:6
actual:6
n:4, k:4, expects:5
actual:5
n:4, k:5, expects:3
actual:3
n:4, k:6, expects:1
actual:1
n:5, k:5, expects:22
actual:22
n:5, k:11, expects:0
actual:0
n:10, k:55, expects:0
actual:0
n:1000, k:3, expects:166665500
actual:166665500
n:1000, k:1000, expects:663677020
actual:663677020
 0
 1      1
 2      1      1
 3      1      2      2      1
 4      1      3      5      6      5      3      1
 5      1      4      9     15     20     22     20     15      9      4      1
 6      1      5     14     29     49     71     90    101    101     90     71     49     29     14      5      1
 7      1      6     20     49     98    169    259    359    455    531    573    573    531    455    359    259    169     98     49     20      6      1
 8      1      7     27     76    174    343    602    961   1415   1940   2493   3017   3450   3736   3836   3736   3450   3017   2493   1940   1415    961    602    343    174     76     27      7      1
 9      1      8     35    111    285    628   1230   2191   3606   5545   8031  11021  14395  17957  21450  24584  27073  28675  29228  28675  27073  24584  21450  17957  14395  11021   8031   5545   3606   2191   1230    628    285    111     35      8      1
